object fListBox1: TfListBox1
  Width = 188
  Height = 228
  object listBox1: TWebListBox
    Left = 8
    Top = 8
    Width = 145
    Height = 193
    HeightPercent = 100.000000000000000000
    ItemHeight = 13
    WidthPercent = 100.000000000000000000
    ItemIndex = -1
  end
end
