object fListBox1: TfListBox1
  Width = 173
  Height = 228
  object listBox1: TWebListBox
    Left = 24
    Top = 8
    Width = 121
    Height = 193
    HeightPercent = 100.000000000000000000
    ItemHeight = 13
    WidthPercent = 100.000000000000000000
    ItemIndex = -1
  end
end
