object fModelInfo: TfModelInfo
  Width = 458
  Height = 338
  Color = clCream
  CSSLibrary = cssBootstrap
  ElementFont = efCSS
  object lblInitVals: TWebLabel
    Left = 8
    Top = 56
    Width = 64
    Height = 13
    Caption = 'Initial values:'
    Color = clCream
    HeightPercent = 100.000000000000000000
    WidthPercent = 100.000000000000000000
  end
  object lblRates: TWebLabel
    Left = 224
    Top = 56
    Width = 47
    Height = 13
    Caption = 'Rate laws'
    Color = clCream
    HeightPercent = 100.000000000000000000
    WidthPercent = 100.000000000000000000
  end
  object listBoxInitVals: TWebListBox
    Left = 8
    Top = 75
    Width = 201
    Height = 193
    HeightPercent = 100.000000000000000000
    ItemHeight = 13
    WidthPercent = 100.000000000000000000
    ItemIndex = -1
  end
  object listBoxRates: TWebListBox
    Left = 224
    Top = 75
    Width = 209
    Height = 193
    HeightPercent = 100.000000000000000000
    ItemHeight = 13
    WidthPercent = 100.000000000000000000
    ItemIndex = -1
  end
  object memoModelName: TWebMemo
    Left = 16
    Top = 8
    Width = 417
    Height = 42
    AutoSize = False
    BorderStyle = bsNone
    HeightPercent = 100.000000000000000000
    Lines.Strings = (
      'memoModelName')
    ParentColor = True
    SelLength = 0
    SelStart = 0
    WidthPercent = 100.000000000000000000
  end
end
