object fLabelPopUp: TfLabelPopUp
  Width = 284
  Height = 134
  object lbl_Info: TWebLabel
    Left = 80
    Top = 48
    Width = 36
    Height = 13
    Caption = 'lbl_Info'
    HeightPercent = 100.000000000000000000
    WidthPercent = 100.000000000000000000
  end
end
